250 144 74 50;
317 128 74 98;
625 144 74 50;
682 128 74 108;
1000 144 74 50;
1119 128 74 71;
1375 144 74 50;
1437 128 74 108;
2250 144 74 50;
2322 128 74 100;
2625 144 74 50;
2687 128 74 110;
3000 144 74 50;
3187 128 74 61;
3375 144 74 50;
3453 128 74 108;
4250 144 74 50;
4317 128 74 114;
4625 144 74 50;
4692 128 74 108;
5000 144 74 50;
5250 128 74 108;
5375 144 74 50;
5447 128 74 112;
6250 144 74 50;
6333 128 74 112;
6625 144 74 50;
6697 128 74 108;
7000 144 74 50;
7229 128 74 108;
7375 144 74 50;
7458 128 74 114;
7625 144 74 50;
7697 128 74 106;
7875 144 74 50;
7958 128 74 64;
